1 0.291529278953 0.0995954217039 0.0718802904062 0.536995008937
1 0.269945327496 0.0474094778825 0.138485723758 0.544159470863
1 0.232319297356 0.0922532383345 0.141537240147 0.533890224162
1 0.252847295576 0.0515973935691 0.138319674681 0.557235636174
1 0.231344845378 0.0727055261652 0.12814878455 0.567800843907
1 0.344963416176 0.0918202153484 0.0869749702777 0.476241398198
1 0.308575079289 0.0209432846755 0.103434292036 0.567047343999
1 0.318909703929 0.034781557355 0.10039326075 0.545915477966
1 0.242517792217 0.0309029120136 0.0554049091615 0.671174386608
1 0.284081835764 0.0414230104756 0.0698200645118 0.604675089248
1 0.328903168434 0.0239689876027 0.0782906397161 0.568837204247
1 0.356240755628 0.01254688945 0.0379113012948 0.593301053627
1 0.23019978817 0.0422256006249 0.0853144826315 0.642260128574
1 0.29503617682 0.0588268836232 0.0721600789184 0.573976860639
1 0.316082588352 0.0246865649961 0.103387151821 0.555843694831
1 0.264966591382 0.021288539053 0.0778791019613 0.635865767603
1 0.272129101891 0.0109659520216 0.146526104651 0.570378841437
1 0.353523723849 0.0373335618155 0.119736137773 0.489406576563
1 0.248206408713 0.0224051227981 0.116667470807 0.612720997682
1 0.235669852511 0.069270285609 0.103333011336 0.591726850544
1 0.315965800791 0.0435678691563 0.0510454793992 0.589420850654
1 0.249341082085 0.0806674848543 0.122499152964 0.547492280097
1 0.34351060018 0.0636943338876 0.138423446835 0.454371619097
1 0.36657808137 0.0255521499801 0.0580461910251 0.549823577625
1 0.400234657292 0.0940406253491 0.0939738961079 0.411750821251
1 0.391757789638 0.0536784946433 0.0697305949034 0.484833120816
1 0.355686281937 0.01355966137 0.102241799558 0.528512257135
1 0.303691182349 0.0400597376811 0.131255082797 0.524993997173
1 0.35091575451 0.0355439856082 0.086449149286 0.527091110596
1 0.460435765738 0.0218779604631 0.00630646217942 0.51137981162
1 0.389833925849 0.0101423756646 0.077684555521 0.522339142965
1 0.486773294901 0.0312793689305 0.0373670989686 0.4445802372
1 0.454365843474 0.0409627432595 0.0785568830737 0.426114530193
1 0.260388267685 0.0725739727659 0.109840862079 0.55719689747
1 0.269322733658 0.0149268569215 0.167416333329 0.548334076091
1 0.462758426607 0.0636090039508 0.040406230649 0.433226338793
1 0.395458097103 0.0303187887039 0.0798346937824 0.49438842041
1 0.391266394835 0.0324227123959 0.069184095006 0.507126797763
1 0.413438408473 0.0376745375609 0.0482659165692 0.500621137396
1 0.315404103648 0.0845132803048 0.0737123980871 0.52637021796
