[ 0.68834106  0.10071864  0.06904709  0.14189321]
[ 0.63710479  0.06869749  0.06298912  0.2312086 ]
[ 0.31535085  0.13084433  0.19831077  0.35549405]
[ 0.33777035  0.10700995  0.20662255  0.34859715]
[ 0.31521645  0.15939879  0.1827645   0.34262026]
[ 0.34044573  0.12365364  0.19392473  0.34197591]
[ 0.33576928  0.12517526  0.19444709  0.34460838]
[ 0.33387143  0.12501285  0.19335504  0.34776068]
[ 0.33470431  0.12381173  0.1938007   0.34768325]
[ 0.33134046  0.12365282  0.1953217   0.34968502]
[ 0.32995087  0.12146404  0.19866771  0.34991738]
[ 0.31708516  0.12056367  0.21740068  0.3449505 ]
[ 0.46641537  0.08796557  0.08917205  0.35644702]
[ 0.47686999  0.08121572  0.09977226  0.34214203]
[ 0.49472143  0.08629515  0.08427103  0.33471239]
[ 0.48448715  0.0947055   0.08424156  0.3365658 ]
[ 0.47682728  0.09905499  0.07695881  0.34715892]
[ 0.4693892   0.10362262  0.08832394  0.33866424]
[ 0.49075519  0.0912009   0.08516885  0.33287506]
[ 0.47772461  0.08506587  0.11204899  0.32516053]
[ 0.46684941  0.08091432  0.11795099  0.33428528]
[ 0.45878594  0.08270822  0.10884066  0.34966518]
[ 0.44951988  0.07989295  0.1172747   0.35331248]
[ 0.44233159  0.09097337  0.10260194  0.36409309]
[ 0.4457771   0.09637218  0.09392605  0.36392467]
[ 0.46245927  0.08703456  0.0829873   0.36751887]
[ 0.45804433  0.08958067  0.08823912  0.36413588]
[ 0.46214619  0.08630972  0.0899173   0.3616268 ]
[ 0.44890075  0.09526376  0.09178731  0.36404818]
[ 0.44165498  0.0991553   0.08409572  0.375094  ]
[ 0.43668445  0.08988142  0.08094834  0.39248578]
[ 0.44260715  0.09346229  0.08181605  0.38211451]
[ 0.46354368  0.09241234  0.10108647  0.34295751]
[ 0.51068437  0.09216274  0.08506875  0.31208413]
[ 0.5270725   0.09439113  0.08393078  0.29460559]
[ 0.52823434  0.09374118  0.08562745  0.29239703]
[ 0.51293148  0.09481353  0.0922825   0.2999725 ]
[ 0.51809993  0.08045878  0.09881109  0.3026302 ]
[ 0.51750496  0.08315655  0.08755867  0.31177981]
[ 0.50994749  0.07340887  0.09356379  0.32307984]
[ 0.54922962  0.06919603  0.07658094  0.30499341]
[ 0.56739265  0.05272075  0.10498581  0.27490079]
[ 0.54564943  0.0486474   0.13023821  0.27546496]
[ 0.53260089  0.05832399  0.12208094  0.28699419]
[ 0.52645909  0.06059446  0.12702262  0.28592383]
[ 0.52276907  0.06070286  0.12814304  0.28838502]
[ 0.50427654  0.05722602  0.12771739  0.31078005]
[ 0.50148965  0.05823559  0.14065217  0.29962258]
[ 0.49837159  0.05677392  0.14457255  0.30028194]
[ 0.51652329  0.06369774  0.12906012  0.29071885]
[ 0.494714    0.06633204  0.12799168  0.31096228]
[ 0.4704702   0.06378668  0.1383405   0.32740261]
[ 0.48032537  0.06360338  0.10640872  0.34966253]
[ 0.47665132  0.0587151   0.09908014  0.36555344]
[ 0.47443692  0.0569194   0.09728     0.37136368]
[ 0.47524309  0.05910959  0.11366525  0.35198208]
[ 0.46495473  0.05975506  0.09756289  0.37772732]
[ 0.45479436  0.05515712  0.11274452  0.377304  ]
[ 0.45537973  0.05707272  0.11573577  0.37181178]
[ 0.45859133  0.05905195  0.11110441  0.3712523 ]
[ 0.44966628  0.05895293  0.10934945  0.38203135]
[ 0.45228014  0.04856999  0.10930739  0.38984248]
[ 0.46622889  0.05338564  0.10680582  0.37357964]
[ 0.46904995  0.05871786  0.10991135  0.36232084]
[ 0.4744105   0.06239655  0.09637888  0.36681407]
[ 0.47418912  0.06553708  0.09043838  0.36983542]
[ 0.4950942   0.07093631  0.07021629  0.3637532 ]
[ 0.50835447  0.05955795  0.09226198  0.3398256 ]
[ 0.5182514   0.06827041  0.07809555  0.33538265]
[ 0.48632537  0.07099035  0.08974294  0.35294133]
[ 0.49517692  0.07744393  0.09841062  0.32896854]
[ 0.48811137  0.07447429  0.08648497  0.35092937]
[ 0.47944976  0.07496702  0.08678978  0.35879344]
[ 0.47717507  0.0644302   0.10727842  0.35111631]
[ 0.48375083  0.06702746  0.10795722  0.34126448]
[ 0.48351184  0.06173283  0.11265054  0.34210479]
[ 0.47671996  0.06315566  0.1083066   0.35181779]
[ 0.48861019  0.06112725  0.10743473  0.34282783]
[ 0.47190295  0.06180008  0.10880822  0.35748876]
[ 0.50372884  0.0569855   0.09690716  0.3423785 ]
[ 0.48938877  0.06419169  0.11018112  0.33623842]
[ 0.5000556   0.06671965  0.10962152  0.32360323]
[ 0.50224408  0.0690791   0.09551054  0.33316628]
[ 0.49690226  0.05123317  0.09106864  0.36079592]
[ 0.52955907  0.04644806  0.05759467  0.3663982 ]
[ 0.49365958  0.05575839  0.06890654  0.3816755 ]
[ 0.48612215  0.0518797   0.06968031  0.39231783]
[ 0.47385223  0.05274139  0.07991569  0.39349069]
[ 0.49080596  0.06811628  0.07568081  0.36539695]
[ 0.48856927  0.06209304  0.07846291  0.37087478]
[ 0.47861339  0.06230603  0.0781116   0.38096898]
[ 0.476649    0.06517123  0.08685697  0.3713228 ]
[ 0.46571522  0.06688909  0.07131805  0.39607765]
[ 0.43799416  0.06209715  0.10382341  0.39608528]
[ 0.45118285  0.06178126  0.10337687  0.38365902]
[ 0.44548018  0.04789455  0.13067631  0.37594896]
[ 0.44621055  0.04692615  0.1323142   0.3745491 ]
[ 0.44227333  0.06269764  0.1226647   0.37236433]
[ 0.46699354  0.045618    0.12968432  0.35770414]
[ 0.4615855   0.04680189  0.12415472  0.36745789]
[ 0.45862525  0.05699885  0.13964137  0.34473452]
[ 0.47519315  0.04266356  0.14251782  0.33962547]
[ 0.4737121   0.04705637  0.1351499   0.34408163]
[ 0.46183742  0.05075442  0.13060748  0.35680067]
[ 0.45286758  0.06572515  0.14277447  0.3386328 ]
[ 0.4849602   0.06148593  0.08155491  0.37199895]
[ 0.45851791  0.06779057  0.07261535  0.40107616]
[ 0.45832824  0.0664288   0.07525534  0.39998763]
[ 0.47673938  0.06441497  0.07792994  0.38091571]
[ 0.45494539  0.0638717   0.09748014  0.38370277]
[ 0.45808654  0.06458254  0.09010978  0.38722114]
[ 0.4560091   0.06662934  0.08696694  0.39039462]
[ 0.45143261  0.06841707  0.09242181  0.38772851]
[ 0.47167001  0.06225628  0.08327958  0.38279413]
[ 0.47427525  0.05542797  0.09803405  0.37226273]
[ 0.48988036  0.0474167   0.09859558  0.36410735]
[ 0.49324326  0.04961118  0.10556483  0.35158073]
[ 0.51095758  0.05300071  0.09815189  0.33788982]
[ 0.48803272  0.07024804  0.09645186  0.34526738]
[ 0.49589342  0.06120936  0.08669915  0.35619807]
[ 0.48327506  0.04593922  0.09859656  0.37218916]
[ 0.4785728  0.0719094  0.1112225  0.3382953]
[ 0.48073661  0.06758978  0.12112415  0.33054946]
[ 0.47862509  0.06677908  0.12430256  0.33029327]
[ 0.4866094   0.06961345  0.12350616  0.32027099]
[ 0.48294616  0.06765782  0.12104451  0.32835151]
[ 0.48715297  0.06630286  0.12394226  0.32260191]
[ 0.47349749  0.06350118  0.12777321  0.33522812]
[ 0.46719996  0.06622471  0.12757688  0.33899846]
[ 0.46703509  0.06853792  0.12457849  0.3398485 ]
[ 0.50521676  0.07729246  0.08961436  0.32787641]
[ 0.48981062  0.0729466   0.08170577  0.35553701]
[ 0.47913623  0.07262887  0.08227466  0.36596024]
[ 0.47554397  0.08414076  0.07188959  0.36842569]
[ 0.46636465  0.08285625  0.07716215  0.37361696]
[ 0.46527476  0.0835865   0.07768349  0.37345526]
[ 0.47060237  0.0773845   0.07583554  0.37617759]
[ 0.48143366  0.06948703  0.09125964  0.35781966]
[ 0.49046052  0.06753387  0.08452354  0.35748207]
[ 0.47705602  0.07271989  0.07914256  0.37108154]
[ 0.48932328  0.07234931  0.08493084  0.35339656]
[ 0.49404363  0.07036741  0.09094258  0.34464638]
[ 0.50645841  0.06600878  0.08477314  0.34275966]
[ 0.53409817  0.04242214  0.08904552  0.33443417]
[ 0.52941436  0.05357217  0.082031    0.33498246]
[ 0.50682176  0.04781265  0.09442538  0.3509402 ]
[ 0.51656779  0.04250004  0.10777285  0.33315933]
[ 0.49696951  0.04608754  0.09738262  0.35956033]
[ 0.49027996  0.04839131  0.09557333  0.36575541]
[ 0.49969167  0.04726357  0.10046703  0.35257773]
[ 0.49717866  0.05559579  0.10272923  0.34449632]
[ 0.49172097  0.05154124  0.0988836   0.35785419]
[ 0.49796169  0.05664628  0.08330536  0.36208666]
[ 0.49732019  0.05457761  0.08028903  0.36781317]
[ 0.50134658  0.05584702  0.08180997  0.36099643]
[ 0.48996343  0.04372165  0.08791909  0.37839583]
[ 0.51309608  0.04524413  0.07316515  0.36849464]
[ 0.52885458  0.02346765  0.06729006  0.38038771]
[ 0.50839787  0.02131648  0.07221029  0.39807535]
[ 0.52407798  0.03260003  0.06710385  0.37621813]
[ 0.5161358   0.01897865  0.07778432  0.38710123]
[ 0.5251169   0.02506027  0.06784123  0.38198161]
[ 0.52253426  0.01991917  0.08660951  0.37093706]
[ 0.50693335  0.02839304  0.10579251  0.3588811 ]
[ 0.49921457  0.03167022  0.10560737  0.36350784]
[ 0.51857733  0.02978939  0.10242309  0.34921019]
[ 0.50835838  0.03667868  0.09966134  0.3553016 ]
[ 0.50234682  0.0421298   0.11210242  0.34342096]
[ 0.50120978  0.04425725  0.12359383  0.33093914]
[ 0.49860384  0.06783821  0.10512812  0.32842983]
[ 0.48626552  0.06628349  0.09963843  0.34781256]
[ 0.48006215  0.05837192  0.10100211  0.36056383]
[ 0.48167022  0.05663816  0.10086015  0.36083148]
[ 0.50174987  0.05422076  0.08912736  0.35490201]
[ 0.49138676  0.05266556  0.10121032  0.35473736]
[ 0.5031175   0.05523252  0.10014622  0.34150376]
[ 0.50743438  0.04605314  0.09824294  0.34826954]
[ 0.5034801   0.05278806  0.10146022  0.34227162]
[ 0.50713932  0.04228429  0.11337991  0.33719647]
[ 0.503192    0.03560132  0.10614021  0.35506646]
[ 0.50803631  0.03288861  0.11068757  0.34838751]
[ 0.50049948  0.03857499  0.10377521  0.35715032]
[ 0.51416291  0.03488227  0.10295064  0.34800418]
[ 0.50109768  0.03987059  0.12276015  0.33627158]
[ 0.45472109  0.07070564  0.1344025   0.34017077]
[ 0.37003392  0.07366252  0.26392536  0.2923782 ]
[ 0.36288343  0.07456519  0.28240679  0.28014459]
[ 0.36237425  0.06975715  0.29978438  0.26808423]
[ 0.3439791   0.10551485  0.26541144  0.28509461]
[ 0.32577245  0.11076507  0.26027446  0.30318802]
[ 0.31291766  0.12436002  0.24674965  0.31597267]
[ 0.31315978  0.12523565  0.24768444  0.31392013]
[ 0.29872258  0.13580649  0.25063631  0.31483461]
[ 0.29457123  0.12431246  0.2585136   0.32260271]
[ 0.30690302  0.11595487  0.244636    0.33250611]
[ 0.33882867  0.14380368  0.18367495  0.3336927 ]
[ 0.34404717  0.14110362  0.17363251  0.3412167 ]
[ 0.36557982  0.11498766  0.14840659  0.37102593]
[ 0.34429342  0.10414762  0.15526724  0.39629172]
[ 0.39433527  0.08890766  0.1522886   0.36446847]
[ 0.31576934  0.08310731  0.20474806  0.39637528]
[ 0.28266536  0.06311072  0.27887672  0.37534719]
[ 0.27549487  0.07762977  0.26527554  0.38159982]
[ 0.27084797  0.2127709   0.23284612  0.28353501]
[ 0.31612034  0.22533038  0.19394772  0.26460156]
[ 0.31654896  0.22375525  0.19943155  0.26026424]
[ 0.30735608  0.22380784  0.20253027  0.26630581]
[ 0.29874597  0.21731867  0.20785353  0.27608182]
[ 0.30337542  0.21650673  0.2225692   0.25754865]
