[ 0.98418872  0.00359995  0.00296733  0.00924401]
[ 0.26973441  0.0843926   0.14304036  0.50283262]
[ 0.28040981  0.18370591  0.19400239  0.34188189]
[ 0.30807881  0.16498345  0.17862154  0.3483162 ]
[ 0.27603604  0.18652077  0.17904069  0.3584025 ]
[ 0.31594114  0.15193976  0.18920769  0.34291141]
[ 0.31290441  0.15247023  0.19084872  0.34377664]
[ 0.31104689  0.14968433  0.19584218  0.3434266 ]
[ 0.31122591  0.14297314  0.20094371  0.34485724]
[ 0.30919104  0.1445268   0.20186511  0.34441705]
[ 0.30914405  0.14526321  0.19959331  0.34599943]
[ 0.31174446  0.14203317  0.20160869  0.34461368]
[ 0.37542513  0.16819378  0.15008316  0.30629793]
[ 0.37147243  0.16613209  0.16725378  0.29514169]
[ 0.37630401  0.18388909  0.1796041   0.2602028 ]
[ 0.3853305   0.15514499  0.19594691  0.2635776 ]
[ 0.38028886  0.1444834   0.18702169  0.28820605]
[ 0.37382829  0.16471872  0.15987943  0.30157356]
[ 0.38524109  0.14407823  0.18041299  0.29026769]
[ 0.35025156  0.1229793   0.16824944  0.35851969]
[ 0.29574013  0.17458199  0.23079142  0.29888646]
[ 0.28162602  0.13121889  0.31593288  0.27122221]
[ 0.27529858  0.15963503  0.27500068  0.29006571]
[ 0.28899231  0.14691602  0.27705485  0.28703682]
[ 0.29535603  0.14605695  0.28138358  0.27720345]
[ 0.30064569  0.14110354  0.28797442  0.27027636]
[ 0.30592638  0.13794076  0.2941957   0.26193715]
[ 0.30287064  0.13628644  0.29199744  0.26884548]
[ 0.30669049  0.13201291  0.29025644  0.27104016]
[ 0.31194671  0.12818467  0.30151574  0.25835288]
[ 0.35947907  0.14696836  0.22638541  0.26716716]
[ 0.41760065  0.11967607  0.18413233  0.27859095]
[ 0.43741231  0.10673487  0.18545913  0.27039369]
[ 0.43561261  0.11824856  0.18128835  0.26485049]
[ 0.40626458  0.1310964   0.16381258  0.29882644]
[ 0.43418015  0.11792411  0.15140278  0.29649296]
[ 0.43165777  0.11290842  0.15573643  0.29969738]
[ 0.41716204  0.12326364  0.15058518  0.30898914]
[ 0.42810407  0.10656886  0.16080661  0.30452046]
[ 0.40592782  0.1187264   0.17782621  0.29751957]
[ 0.42593486  0.13178471  0.16277432  0.27950612]
[ 0.40339236  0.12533921  0.18136138  0.28990705]
[ 0.4096649   0.12907358  0.16476473  0.2964968 ]
[ 0.43494311  0.10939773  0.15397297  0.30168619]
[ 0.43707144  0.10678039  0.12996949  0.32617868]
[ 0.42055244  0.12282007  0.12805239  0.32857509]
[ 0.41177902  0.11862691  0.15111544  0.31847863]
[ 0.42717436  0.11709245  0.13241226  0.32332094]
[ 0.41468227  0.09806546  0.16267083  0.32458144]
[ 0.42670933  0.09219393  0.13038602  0.35071072]
[ 0.42480193  0.08952402  0.12779427  0.35787977]
[ 0.40784914  0.10121996  0.13835719  0.35257371]
[ 0.40930659  0.12899727  0.11805364  0.34364251]
[ 0.3964568   0.13994648  0.13735599  0.32624073]
[ 0.39895606  0.12808802  0.15329944  0.31965648]
[ 0.37200356  0.16461156  0.17952655  0.28385833]
[ 0.15278051  0.12218572  0.27124339  0.45379038]
[ 0.15404483  0.14059795  0.24714563  0.45821159]
[ 0.1559757   0.14337977  0.24090951  0.45973502]
[ 0.15218864  0.14645414  0.23702442  0.4643328 ]
[ 0.15104152  0.14542845  0.23875888  0.46477115]
