2016-05-21 11:25:39.138016    51
2016-05-21 11:25:39.139969    51
2016-05-21 11:25:39.141922    51
2016-05-21 11:25:39.143875    52
2016-05-21 11:25:39.145828    51
2016-05-21 11:25:39.147781    51
2016-05-21 11:25:39.149734    51
2016-05-21 11:25:39.151687    51
2016-05-21 11:25:39.153640    52
2016-05-21 11:25:39.155593    51
2016-05-21 11:25:39.157546    51
2016-05-21 11:25:39.159499    52
2016-05-21 11:25:39.161452    51
2016-05-21 11:25:39.163405    51
2016-05-21 11:25:39.165358    51
2016-05-21 11:25:39.167311    51
2016-05-21 11:25:39.169264    51
2016-05-21 11:25:39.171217    51
2016-05-21 11:25:39.173170    51
2016-05-21 11:25:39.175123    51
2016-05-21 11:25:39.177076    51
2016-05-21 11:25:39.179029    52
2016-05-21 11:25:39.180982    52
2016-05-21 11:25:39.182935    52
2016-05-21 11:25:39.184888    51
2016-05-21 11:25:39.186841    51
2016-05-21 11:25:39.188794    51
2016-05-21 11:25:39.190747    51
2016-05-21 11:25:39.192700    51
2016-05-21 11:25:39.194653    51
                              ..
2016-05-21 11:25:39.329410    52
2016-05-21 11:25:39.331363    52
2016-05-21 11:25:39.333316    52
2016-05-21 11:25:39.335269    52
2016-05-21 11:25:39.337222    52
2016-05-21 11:25:39.339175    52
2016-05-21 11:25:39.341128    52
2016-05-21 11:25:39.343081    52
2016-05-21 11:25:39.345034    52
2016-05-21 11:25:39.346987    52
2016-05-21 11:25:39.348940    52
2016-05-21 11:25:39.350893    51
2016-05-21 11:25:39.352846    52
2016-05-21 11:25:39.354799    52
2016-05-21 11:25:39.356752    52
2016-05-21 11:25:39.358705    52
2016-05-21 11:25:39.360658    52
2016-05-21 11:25:39.362611    52
2016-05-21 11:25:39.364564    52
2016-05-21 11:25:39.366517    52
2016-05-21 11:25:39.368470    52
2016-05-21 11:25:39.370423    52
2016-05-21 11:25:39.372376    52
2016-05-21 11:25:39.374329    51
2016-05-21 11:25:39.376282    52
2016-05-21 11:25:39.378235    52
2016-05-21 11:25:39.380188    52
2016-05-21 11:25:39.382141    52
2016-05-21 11:25:39.384094    52
2016-05-21 11:25:39.386047    52
dtype: int64