0 0.284743086794 0.120250577508 0.181551741402 0.413454594295
0 0.550943992709 0.0853551117828 0.0101982920731 0.353502603435
0 0.605765896974 0.0144617620752 0.0748639425457 0.304908398405
0 0.691965994269 0.035798869705 0.0394209800007 0.232814156025
0 0.697799936467 0.0290743874218 0.0554608691591 0.217664806952
0 0.607959439504 0.0522584086438 0.113190468977 0.226591682875
0 0.613229822804 0.0638646918781 0.0779081268479 0.24499735847
0 0.342562219326 0.0321493441391 0.0696339046041 0.555654531931
0 0.456642310939 0.0326695566734 0.0462994272947 0.464388705093
0 0.409570653914 0.0379305923285 0.0683031784785 0.48419557528
0 0.647015112703 0.0289358007632 0.059695186721 0.264353899813
0 0.80600518227 0.0101975256515 0.0373324962956 0.146464795783
0 0.704785598745 0.0102704835579 0.0662886098418 0.218655307855
0 0.341884085534 0.0344654954811 0.156763450449 0.466886968536
0 0.485814352539 0.0376584114667 0.131551702618 0.344975533377
0 0.728994769881 0.0262644830782 0.0608041924101 0.183936554631
0 0.699350653399 0.0244532974383 0.0549520190387 0.221244030124
0 0.715914099379 0.0486940059867 0.034640549311 0.200751345323
0 0.536540976749 0.0513556523385 0.0590535562176 0.353049814694
0 0.717867787304 0.0356057568595 0.0326535312317 0.213872924605
0 0.741147195425 0.0132663513862 0.0416774477202 0.203909005469
0 0.622270356944 0.0528318752814 0.0518155885029 0.273082179272
0 0.74723461368 0.0359968714725 0.0243144648649 0.192454049983
0 0.584090163163 0.0475496834449 0.0566898437381 0.311670309654
0 0.592467076942 0.0323383069676 0.0520143160712 0.323180300019
0 0.618396158825 0.011339962344 0.0545563841683 0.315707494662
0 0.515028536496 0.0976290862863 0.117261045116 0.270081332101
0 0.723701798424 0.022590714059 0.0715621902598 0.182145297257
0 0.71292617037 0.0202955574252 0.054147275465 0.212630996739
0 0.804142585903 0.0271845846617 0.0254427836889 0.143230045746
0 0.791430897967 0.00470014786855 0.0430880972749 0.16078085689
0 0.68993988339 0.0230423535996 0.0371000741214 0.249917688889
0 0.483985616037 0.0251667486487 0.0488224968079 0.442025138506
0 0.330717134514 0.0412878232438 0.147325383451 0.480669658791
0 0.118852848571 0.0494911983466 0.229043348926 0.602612604156
0 0.769440725594 0.0239216659561 0.0311350548007 0.17550255365
0 0.762665756043 0.0176185487086 0.0133803143089 0.206335380939
0 0.158185232686 0.0126396533726 0.0331630412963 0.796012072645
0 0.752274070814 0.0450674771011 0.025366058924 0.177292393161
0 0.295332094373 0.017257758233 0.0579148179678 0.629495329426
